30.346316881573596 -97.82770684918144
30.441664008270617 -97.89381944910158
30.407931234738772 -97.77877501638598
30.25019253417319 -97.80016362101024
30.20796149890686 -97.91034260659607
30.15272237802632 -97.935766405991
30.282095510568777 -97.70583124079539
30.155159240826098 -97.86779586386967
30.2329411865085 -97.91764542620552
30.236881087631183 -97.7946463727822
30.505423715822904 -97.83448833248603
30.27367381005802 -97.86236008295391
30.24299031213862 -97.67623309931912
30.512342638959197 -97.77299105690864
30.364595643807498 -97.83678492852084
30.225483250786464 -97.67478871021352
30.45760005801877 -97.68635948199517
30.4368619869816 -97.62192602603774
30.412493665692352 -97.73758778913856
30.179808693051868 -97.62650695767006
30.321276827102274 -97.85422331115979
30.407544070473573 -97.79560315759598
30.2689495087741 -97.79466549437878
30.384668752442064 -97.82952298813628
30.167723015255902 -97.7176921643188
30.165554835005796 -97.8390195168846
30.25425591951463 -97.66842030735211
30.236333657479577 -97.83435218730557
30.35938200931198 -97.72161605635269
30.156054469151677 -97.89393152759702
30.228980875709308 -97.94582695108488
30.27477477519877 -97.88195286179293
30.39233760983206 -97.71828942239026
30.326420820315896 -97.86190945624747
30.387822453728944 -97.91731087789432
30.381060843785324 -97.65821483851396
30.290866406490675 -97.68556685176398
30.255254791473767 -97.6787204338504
30.17229836329448 -97.62207107884464
30.456422078577937 -97.79885745517863
30.46385314880416 -97.8357401115838
30.50447090338841 -97.68768148539685
30.41688308394433 -97.89546426238809
30.43965198467937 -97.79887088580084
30.349111968171695 -97.82351516780128
30.45523115295696 -97.74561380610642
30.224852693066204 -97.71117237760173
30.5101987714154 -97.66188404619564
30.505843861192453 -97.84844838287162
30.126554962682686 -97.87229170772386
30.346316881573596 -97.82770684918144
30.441664008270617 -97.89381944910158
30.407931234738772 -97.77877501638598
30.25019253417319 -97.80016362101024
30.20796149890686 -97.91034260659607
30.15272237802632 -97.935766405991
30.282095510568777 -97.70583124079539
30.155159240826098 -97.86779586386967
30.2329411865085 -97.91764542620552
30.236881087631183 -97.7946463727822
30.505423715822904 -97.83448833248603
30.27367381005802 -97.86236008295391
30.24299031213862 -97.67623309931912
30.512342638959197 -97.77299105690864
30.364595643807498 -97.83678492852084
30.225483250786464 -97.67478871021352
30.45760005801877 -97.68635948199517
30.4368619869816 -97.62192602603774
30.412493665692352 -97.73758778913856
30.179808693051868 -97.62650695767006
30.321276827102274 -97.85422331115979
30.407544070473573 -97.79560315759598
30.2689495087741 -97.79466549437878
30.384668752442064 -97.82952298813628
30.167723015255902 -97.7176921643188
30.165554835005796 -97.8390195168846
30.25425591951463 -97.66842030735211
30.236333657479577 -97.83435218730557
30.35938200931198 -97.72161605635269
30.156054469151677 -97.89393152759702
30.228980875709308 -97.94582695108488
30.27477477519877 -97.88195286179293
30.39233760983206 -97.71828942239026
30.326420820315896 -97.86190945624747
30.387822453728944 -97.91731087789432
30.381060843785324 -97.65821483851396
30.290866406490675 -97.68556685176398
30.255254791473767 -97.6787204338504
30.17229836329448 -97.62207107884464
30.456422078577937 -97.79885745517863
30.46385314880416 -97.8357401115838
30.50447090338841 -97.68768148539685
30.41688308394433 -97.89546426238809
30.43965198467937 -97.79887088580084
30.349111968171695 -97.82351516780128
30.45523115295696 -97.74561380610642
30.224852693066204 -97.71117237760173
30.5101987714154 -97.66188404619564
30.505843861192453 -97.84844838287162
30.126554962682686 -97.87229170772386
